4243767290,0
4294967279,14
4294967279,13
4294967279,12
4294967279,301
4294967294,36
4294967294,41
4294967294,39
4294967294,416
4294967294,52
4294967278,2
10,56
10,54
10,104
10,103
10,102
4294967278,306
10,101
10,100
10,99
10,98
10,55
10,52
10,97
10,96
10,95
10,94
4294967278,305
10,93
10,92
10,91
10,90
10,89
10,88
10,53
10,51
10,87
10,86
10,85
10,84
10,50
10,83
10,82
10,81
10,80
10,48
10,79
10,78
10,77
10,76
10,75
10,74
10,73
10,72
10,71
10,70
10,69
10,49
10,47
10,68
10,67
10,66
10,65
10,0
10,64
10,40
10,46
10,45
10,44
10,43
10,42
10,41
10,22
10,39
10,38
10,37
10,36
10,35
10,34
10,33
10,32
10,31
10,30
10,29
10,28
10,27
10,26
10,25
10,23
10,24
10,17
10,21
10,20
10,19
10,18
4294967278,174
10,16
10,5
10,15
10,14
10,13
10,12
10,11
10,10
10,9
10,8
10,7
10,6
4294967279,300
4294967278,176
4294967279,299
4294967278,173
4294967294,424
4294967294,922
4294967294,971
9,44
9,0
9,43
9,38
9,42
4294967278,304
9,41
9,40
9,39
9,32
9,37
9,36
4294967278,303
9,35
9,34
9,33
9,27
9,31
4294967278,302
9,30
9,29
9,28
9,21
9,26
9,25
4294967278,301
9,24
9,23
9,22
9,16
9,20
9,19
4294967278,300
9,18
9,17
9,13
9,15
9,14
4294967278,88
9,12
9,5
9,11
9,10
9,9
9,8
4294967278,299
9,7
9,6
4294967279,298
4294967278,171
4294967278,298
4294967279,297
8,10
8,0
8,9
8,8
4294967278,297
4294967278,0
8,7
8,6
4294967279,296
4294967278,168
4294967278,296
4294967279,295
4294967278,295
4294967279,294
4294967278,165
4294967294,954
4294967278,164
4294967278,163
10,4
4294967278,162
10,3
10,2
10,1
4294967278,294
4294967294,428
4294967294,392
4294967294,389
4294967294,114
4294967278,161
4294967278,160
4294967278,159
9,4
9,3
9,2
9,1
4294967279,293
4294967279,260
4294967278,158
4294967278,157
4294967278,156
8,5
8,4
4294967278,155
8,3
8,2
8,1
4294967278,293
4294967278,154
4294967278,153
7,4
4294967278,152
7,3
7,2
7,1
4294967278,292
4294967278,151
4294967278,291
4294967279,292
4294967278,290
4294967279,291
4294967278,289
4294967279,290
4294967278,288
4294967279,289
4294967279,288
4294967278,287
4294967294,61
4294967294,31
4294967278,286
4294967279,287
4294967279,286
4294967278,285
4294967294,50
4294967294,22
4294967294,180
6,5
6,4
6,3
6,2
6,1
4294967278,284
4294967279,135
4294967294,1416
4294967294,418
4294967294,951
4294967294,187
4294967294,1415
4294967294,1414
4294967294,175
4294967294,173
4294967279,285
4294967279,284
5,5
5,4
4294967279,270
5,2
5,1
4294967279,279
4294967294,83
4294967279,268
4,5
4294967279,267
4,4
4,3
4,2
4,1
4294967279,283
4294967294,37
4294967294,40
4294967294,470
4294967294,468
4294967279,265
4294967294,7
4294967294,94
4294967294,93
4294967294,96
4294967294,95
4294967279,282
3,4
3,3
3,2
3,1
4294967278,260
4294967294,9
4294967279,263
4294967294,8
4294967294,2
4294967294,0
0,7
4294967294,952
4294967294,414
4294967294,28
4294967294,27
4294967294,953
4294967294,469
4294967294,91
4294967294,87
4294967294,84
4294967279,262
4294967294,6
4294967294,915
4294967294,967
4294967294,911
4294967294,907
4294967294,899
4294967294,961
4294967294,15
4294967294,384
4294967294,185
4294967294,170
4294967294,106
4294967278,132
4294967278,131
4294967278,130
4294967278,129
4294967278,128
4294967278,127
4294967278,126
4294967278,125
4294967278,124
4294967278,123
4294967278,122
4294967278,121
4294967278,120
4294967278,119
4294967278,118
4294967278,117
4294967278,116
4294967278,115
4294967278,114
4294967278,113
4294967278,112
4294967278,111
4294967278,110
4294967278,109
4294967278,108
4294967278,107
4294967278,106
4294967278,105
4294967278,104
4294967278,103
4294967278,102
4294967278,101
4294967278,100
4294967278,99
